강성오   09  1966/08/20  52  2018/07/01    111    11   10    5   107   10   10    5
강환민   31  1970/05/26  49  2017/07/01    336    47   45   42   225   25   29   28
곽영효   19  1961/09/24  57  1997/05/28   4311   462  421  384   151   11    9   16
구자흥   07  1963/08/07  55  2010/04/05   1637   132  181  180   219    5   21   16
김대근   48  1957/08/19  61  1986/07/30   7866   748  814  819   204   19   24   20
김동균   52  1975/08/24  43  2012/07/01   1952   182  163  178   338   32   26   29
김동철   53  1974/11/28  44  2016/03/16    864    57   81   78   325   14   20   28
김순근   45  1957/05/05  62  2002/06/01   4457   329  399  376   191   28   27   18
김윤섭   32  1968/09/20  50  1998/07/02   4634   301  389  402   138   10    8    9
김점오   17  1959/05/20  60  1987/07/10   8322   763  773  723   243   23   20   30
김학수   44  1960/08/02  58  2004/04/07   2605   260  245  222   166   11   15   14
리카디   34  1968/03/02  51  2017/11/26    166    21   24   18   104    9   13   12
박대흥   18  1958/08/07  60  1997/05/28   6306   902  724  619   351   72   59   28
박병일   27  1964/04/26  55  2011/07/15   1357   121  135  127   274   36   29   32
박윤규   04  1966/09/26  52  2004/07/01   3589   282  310  330   227   12   18   15
박재우   50  1970/01/02  49  2011/01/26   2290   318  254  226   406   67   42   52
박종곤   01  1962/08/26  56  1997/09/04   4072   378  362  385   255   32   21   41
박천서   54  1963/06/08  56  2003/03/05   3932   397  378  380   200   16   19   18
박희철   15  1961/06/26  58  2002/07/01   4674   366  409  423   256    3   13   24
배대선   20  1960/04/02  59  1995/06/26   7122   821  775  756   352   30   33   37
배휴준   29  1966/09/25  52  2005/07/01   3986   298  337  360   324   17   33   27
사이먼   51  1972/04/08  47  2017/11/26    247    29   29   22   188   24   22   15
서범석   12  1964/07/26  54  1999/07/01   4389   394  398  393   254   23   23   21
서인석   33  1968/11/20  50  2010/12/09   3449   313  349  326   497   41   61   45
서정하   43  1958/12/22  60  2004/09/01   2578   157  207  203   168    6    9   10
서홍수   24  1964/01/04  55  2008/09/24   1784   139  152  162   184   14   19   20
손영표   02  1966/11/14  52  2006/07/27   2534   214  201  176   125    5    7    2
송문길   40  1971/03/22  48  2013/07/01   1507   220  182  160   312   51   37   44
신삼영   41  1963/11/06  55  2010/07/01   1748   181  156  164   233   27   22   23
심승태   37  1978/02/14  41  2012/05/04   1851   158  188  172   328   22   27   39
안병기   22  1966/01/20  53  2008/07/01   3132   340  298  299   329   48   26   19
안해양   26  1961/07/24  57  1999/08/26   3875   358  312  329   184    8   12   10
우창구   05  1963/04/28  56  2008/07/01   2711   270  236  228   222   16   24   19
유재길   23  1961/07/16  58  2000/04/07   5229   400  421  461   227    8    6   11
이관호   42  1966/08/21  52  2013/11/01   1456   173  136  148   371   36   42   41
이신영   14  1980/04/12  39  2011/07/01   1984   276  178  190   270   36   21   25
이희영   13  1960/08/16  58  1986/12/04   7972   634  695  714   207    9   16   18
임봉춘   21  1959/04/14  60  2002/08/22   4496   359  379  461   328   26   24   33
전승규   25  1963/10/04  55  2017/04/26    320    57   47   29   194   34   26   19
정호익   10  1965/03/05  54  2006/03/04   4205   421  440  437   389   52   41   40
조현수   11  1970/04/25  49  2018/07/01    213     9   14   20   209    8   14   19
지용철   49  1959/06/27  60  1986/11/20  11568   881 1015 1047   415   29   35   31
최봉주   16  1962/11/19  56  2007/03/08   2324   184  184  190   226   15   14   12
최상식   28  1960/02/25  59  1993/07/13   5790   441  473  493   186   21   14   21
최영주   03  1966/09/03  52  1997/11/19   4508   332  355  327   183   14   17    7
최용구   08  1965/10/08  53  2012/07/01   1250   161  137  111   246   26   28   18
홍대유   06  1963/01/15  56  2006/07/01   3156   270  259  285   274   18   27   28